0 15 2 5 2 15 2 5 2 15 2 5 2 15 2 5 2 15 2 5 2 15 2 5 2 15 2 5 2 15 2 5 2 5 2 15 2 5 2 5 -1
2 100 2 180 2 10 -1
5 15 2 15 2 15 2 15 2 15 2 15 2 15 2 15 2 15 2 15 2 15  2 15 2 15 2 15 2 15 2 15 2 15 2 15 -1
8 50 6 100 2 10 -1
12 15 2 5 2 5 2 5 2 5 2 5 2 5 2 5 2 5 2 5 2 5  2 5 2 5 2 5 2 5 2 5 2 5 2 5 2 5 2 5 2 5 2 5 2 5 -1
20 80 2 80 2 201 2 15 -1
30 15 2 15 2 15 2 15 2 15 2 15 2 15 2 15 2 15 2 15 2 15  2 15 2 15 2 15 -1
35 6 -1
36 8 50 2 -1
37 100 -1
38 5 2 2 -1
40 15 2 15 2 15 2 15 2 15 2 15 2 15 2 15 2 15 2 15 2 15  2 15 2 15 2 15 2 15 2 15 2 15 2 15 2 15 2 15 2 15 2 15 2 15 -1