0 15 2 5 2 15 2 5 2 15 2 5 2 15 2 5 2 15 2 5 2 15 2 5 2 15 2 5 2 15 2 5 2 5 2 15 2 5 2 5 -1
0 100 2 180 2 10 -1
0 15 2 15 2 15 2 15 2 15 2 15 2 15 2 15 2 15 2 15 2 15  2 15 2 15 2 15 2 15 2 15 2 15 2 15 -1
0 50 6 100 2 10 -1
0 15 2 5 2 5 2 5 2 5 2 5 2 5 2 5 2 5 2 5 2 5  2 5 2 5 2 5 2 5 2 5 2 5 2 5 2 5 2 5 2 5 2 5 2 5 -1
0 80 2 80 2 201 2 15 -1
0 15 2 15 2 15 2 15 2 15 2 15 2 15 2 15 2 15 2 15 2 15  2 15 2 15 2 15 -1
0 6 -1
0 8 50 2 -1
0 100 -1
0 5 2 2 -1
0 15 2 15 2 15 2 15 2 15 2 15 2 15 2 15 2 15 2 15 2 15  2 15 2 15 2 15 2 15 2 15 2 15 2 15 2 15 2 15 2 15 2 15 2 15 -1